INDEX LOCORUM.

819191, 68.
81919111, 50.
8191191111, 73.

8111191, 28.
8111919111, 53.
8119101909, 262.

Brewershavenin 891990, 321, 324, 8111193(8919110),330.

81911, 348.

Β119119 (111119), 128.
Briggewater, 326.

Brictelegh (1091οῆ), 130.

811911, 51 his.

Briquebec (1111911999 et 09-

91191991 09, 319.
81111911, 319.

Byssofi m 1119999111 0909911, paro-

chia de, 350.

,0.

0999111111, 12.
0991191919νί0, terra de, 12.

81119911, 149 191, 158, 182 00, 186, 090919ςο 19 99111 119191119999111191

191, 199, 199191, 199,

09, 373, 374.

200, 201, 202, 203, 204 0901991119991191909374190909·

00, 207, 208, 209, 212,

1111

214, 246, 249, 255, 354. 090, 0909111, 090919919, (Cam), 4,

8111111919, 327.

8199111911, 93.

Ι8191119 Amare, parochia de, 330.

8191911, 72.

81991111, 78.

81911, 108,

8119991(891111), 137.

89911, 9991911909, 18.

8111111999 Η99191, 19119 de, 6.

81111 (Β99011190919), 329.

89119119, 19119 de, 115.

Buff, 25, 65 00, 66, 107 ter, 109
00, 112.

81110911, 231, 270.

89109ξ, 89109391, (8911109999),
28, 36, 54, 283.

891091199111919, 154.

Burg 11911910, 63.

8111891, 59.

89191, parochia Sancti Albini 09,

8111911911, 338parochia Sancti Dionisii
8091ᾳά60030111989919 Marie de,

Burnes (119111), 140.
Β1111111991, 326.
89111911 (heire), 138.
89191, fossa, ,4.

6, 7, 8, 900, 10011, 11,
12191, 13 00, 14, 15, 16,
17, 21, 22191, 23191, 25
mQfflQaemQ
36, 37, 38 bie, 39, 4000,
Qffiffifflfflfflm
52, 53, 55, 56, 57 00, 60,
63, ,6411911191 65 00, 66
9191191191
77, 78191, 7919111111, 81
00, 82019, 83, 8500, 86
&Qffifflmfflm
fflQQQQmm
102, 10300, 10400, 105
00, 106 passim, 107191, 108
[1091010999εεί9 112, 115
191, 116, 191, 117 passim,
118, 11900, 120, 125,

,199, 111, 159111, 191111,

162, 164, 166, 184, 195,
199, 217, 224, 23100, 233
00, 241, 242, 249 00, 253,
256, 259, 260, 262, 263,
265, 269 00, 271, 277,
278, 282, 312, 317, 319,
320, 329, 359, 361, 362,
36400, 365 00, 368, 369,
370, 372191, 378.

 

